1.232963353955873309e+01
1.232815249671973667e+01
1.232458122544429813e+01
1.232577788359181170e+01
1.234632289965591312e+01
1.236772412954532996e+01
1.241891336554548353e+01
1.243615890403228796e+01
1.247202367515586907e+01
1.250930079959939079e+01
1.257030181609789388e+01
1.259645812349597982e+01
1.263210460872977769e+01
1.270112889808641654e+01
1.266418936088296121e+01
1.264099266860291060e+01
1.263279911312873338e+01
1.262653543895472374e+01
1.259897321628766953e+01
1.254562942016826987e+01
1.250224731915629306e+01
1.248576254997687940e+01
1.248192262252421791e+01
1.247530007211292080e+01
1.242095825307208479e+01
1.242097524395263619e+01
1.242133465964307248e+01
1.240738793425755127e+01
1.243429279488649719e+01
1.240225059651954886e+01
1.238679516401236036e+01
1.237114003617189084e+01
1.236520928270354602e+01
1.236905676518381014e+01
1.236838523991484173e+01
1.232973463867682717e+01
1.231631454355045996e+01
1.231421009572280134e+01
1.231270628474290874e+01
1.231532149665933673e+01
1.230054102363955693e+01
1.227160703152377863e+01
1.223882467450484235e+01
1.220956234754168612e+01
1.218528365693757642e+01
1.217801290243341761e+01
1.219189081183574963e+01
1.219961400778488070e+01
1.221522657180160465e+01
1.220868470381060966e+01
1.216834984140768050e+01
1.214027208124259793e+01
1.212381705084405681e+01
1.211661628437106764e+01
1.210764165962749139e+01
1.208585217359469333e+01
1.208784352602483203e+01
1.208200170746945012e+01
1.207206562448996756e+01
1.206212442585804823e+01
1.203503042818787350e+01
1.202450175530443310e+01
1.200684774624540907e+01
1.200266205436432188e+01
1.200548156776756947e+01
1.199945332211537341e+01
1.203308401078291112e+01
1.201321062616703017e+01
1.199299750622100369e+01
1.196885831537164258e+01
1.200170378973927043e+01
1.200817767060553543e+01
1.194820492196108397e+01
1.192886223610873309e+01
1.192460313543493555e+01
1.189267145362718736e+01
1.190582327512753835e+01
1.189157661085258155e+01
1.184035917526491488e+01
1.181502658842419429e+01
1.185381333246221125e+01
1.190815863381610917e+01
1.179840284462918909e+01
1.176249268261881831e+01
1.174487665718050877e+01
1.173337254106387562e+01
1.169950200956511743e+01
1.160604223443213812e+01
1.158899543885594063e+01
1.157757991062383418e+01
1.151852601007190735e+01
1.153819800699516307e+01
1.148487584078016432e+01
1.143517535051902456e+01
1.135885219621482101e+01
1.128646261474079360e+01
1.123820261990759128e+01
1.116540210201200267e+01
1.113232949568793373e+01
1.111406886508146563e+01
