4.676309613837017578e+12
3.972374612382343750e+12
4.063064766219476074e+12
3.523497583858404785e+12
3.197772426908974609e+12
3.347114357206954590e+12
3.274482730491125977e+12
2.579238792744632324e+12
2.398355978261519043e+12
1.983636463844557129e+12
1.820126899831015625e+12
1.735556708367347656e+12
1.805607467774410645e+12
1.400977715945288574e+12
1.297530379858586670e+12
1.189944961769620605e+12
1.108208413296679932e+12
1.198848097087087402e+12
9.930403491651722412e+11
9.757659353927399902e+11
9.053593491027589111e+11
8.082468623481811523e+11
9.581024278689783936e+11
7.827900441822529297e+11
5.442042813548155518e+11
6.082328509364453125e+11
5.262347754905419922e+11
5.246724877714653320e+11
5.334889516938532104e+11
4.864815453996473999e+11
4.494644150424055176e+11
4.608721230385288086e+11
4.408369626007157593e+11
4.111533666259864502e+11
4.457574353539606323e+11
4.200335621289720459e+11
4.608051141346070557e+11
3.739579306517375488e+11
3.620800544415244141e+11
3.721175019749145508e+11
4.107214593978721924e+11
3.292598695510872192e+11
3.460642755028538818e+11
3.507578481430408325e+11
3.150481940651746216e+11
2.940377241461833496e+11
2.997753575097017822e+11
2.854773293203703613e+11
2.817140054544677734e+11
2.449952478228095093e+11
1.874411252721663513e+11
1.794122917913945007e+11
