1.282682513167992866e+01
1.285955917614314536e+01
1.293901434426520680e+01
1.298068831218605013e+01
1.305247304250378626e+01
1.310362894282258672e+01
1.314472678964273022e+01
1.317238854580704022e+01
1.328296443541790062e+01
1.331467949331586809e+01
1.343228193211479038e+01
1.357359464357633705e+01
1.373720377003637694e+01
1.387994880776699524e+01
1.377275210751705714e+01
1.366819673051231021e+01
1.367199929379168921e+01
1.360743652524608827e+01
1.354985119131946725e+01
1.344262983634971498e+01
1.332257971455769052e+01
1.322478011383051388e+01
1.314159830538774543e+01
1.303732028309920743e+01
1.298949789056029225e+01
1.293839633752442353e+01
1.289980673329062633e+01
1.286645491299802302e+01
1.285313746244829503e+01
1.279453185905971324e+01
1.276894418410445731e+01
1.269087670447400740e+01
1.265084051723342817e+01
1.264182817287267646e+01
1.259893787743292037e+01
1.257724168769662754e+01
1.258210277394220533e+01
1.259430074002188604e+01
1.260490985493938254e+01
1.261737896402341974e+01
1.261564216352655343e+01
1.258026446145049704e+01
1.256140341799921067e+01
1.254872787453366811e+01
1.253575880755183469e+01
1.251390877624399600e+01
1.250241230272898640e+01
1.246964187962231030e+01
1.244315706945545230e+01
1.243613743172639907e+01
1.240441155521498651e+01
1.236288114139927607e+01
1.235942007616463378e+01
1.233820177596956746e+01
1.228579129611784282e+01
1.229388370050634904e+01
1.226934697600353275e+01
1.226441875752306565e+01
1.224100203019155941e+01
1.223373305828561364e+01
1.220512096807041225e+01
1.216207124387649507e+01
1.216460251942550563e+01
1.212831543993223882e+01
1.208477259811738413e+01
1.207640853873209252e+01
1.203586773459782577e+01
1.202657728709440654e+01
1.199710772293135719e+01
1.196811239535704274e+01
1.195584456298467835e+01
1.192499596462803879e+01
1.190344747403578118e+01
1.187737763688021175e+01
1.185086617324356872e+01
1.181179429689334093e+01
1.180958135949552990e+01
1.178950135425623991e+01
1.174749647865913538e+01
1.171717538247292900e+01
1.168920284491123596e+01
1.169023641305595973e+01
1.161833719058627246e+01
1.157670116984304975e+01
1.154933852680813011e+01
1.152884803085640542e+01
1.148882702821767765e+01
1.139630075068209614e+01
1.140098988136976388e+01
1.137941714155792283e+01
1.133068540544821268e+01
1.130723679107500601e+01
1.126840965699369868e+01
1.116277630552884226e+01
1.116143091032305712e+01
1.110100078188826345e+01
1.093108811307123318e+01
1.101258388545091726e+01
1.084247486654653336e+01
1.072286812056649197e+01
