1.299340403780064435e+01
1.303162667296412458e+01
1.311815691527897343e+01
1.311078225169651645e+01
1.318970180321793428e+01
1.314203980897438662e+01
1.319716646868402776e+01
1.321113560198803505e+01
1.323081671209022758e+01
1.328115571763716574e+01
1.331659734778426696e+01
1.335683181376349360e+01
1.330724194218254652e+01
1.336613854023686798e+01
1.335266841164411211e+01
1.324557805295706814e+01
1.319640936021460753e+01
1.317693742636532406e+01
1.315619838865308644e+01
1.316358458759204098e+01
1.313734995327652300e+01
1.315090152528648737e+01
1.314885547893984175e+01
1.299222650727685924e+01
1.298627959854301217e+01
1.302712733304704074e+01
1.300833760721794796e+01
1.293397933952053158e+01
1.287567672996556212e+01
1.285577074102695150e+01
1.288307070322945869e+01
1.289260369531807982e+01
1.284659406852336261e+01
1.287148267226987208e+01
1.285854349165042088e+01
1.283943132014843691e+01
1.283846655338625098e+01
1.279756753846336181e+01
1.277414856237396990e+01
1.275953122254494509e+01
1.271054049339348602e+01
1.273165930637657972e+01
1.274537626124419631e+01
1.274638971328560899e+01
1.275143003953564858e+01
1.278470442215012781e+01
1.277779674878312832e+01
1.279241637118367869e+01
1.280391769892097464e+01
1.281321454768922763e+01
1.279773427956532927e+01
1.279102034488837170e+01
1.276273444366110077e+01
1.275137562234950650e+01
1.274063167799380203e+01
1.273017966609254792e+01
1.270014420465534144e+01
1.264796762364827387e+01
1.263418996153839302e+01
1.264889053540050234e+01
1.266422174380008414e+01
1.265343643483046066e+01
1.266199317465279606e+01
1.265050359565441873e+01
1.262123718690719976e+01
1.258380127548751659e+01
1.259678535185488713e+01
1.255691171904468995e+01
1.252595062827857930e+01
1.252511686658333190e+01
1.249038464732762499e+01
1.246242716009444429e+01
1.244816747366432708e+01
1.244106497886972740e+01
1.242478105040679282e+01
1.237731767159861995e+01
1.238689246742990058e+01
1.238807065855541012e+01
1.241722718514077251e+01
1.243799602110627767e+01
1.245034617433430491e+01
1.247121671109419339e+01
1.245621699984577546e+01
1.245088236853872310e+01
1.244733402046761839e+01
1.243184769785047727e+01
1.240366585309556946e+01
1.240832581228695908e+01
1.238662017784616332e+01
1.232086526708449625e+01
1.227438427221345840e+01
1.223734380213852724e+01
1.227132428928278252e+01
1.226590343525757554e+01
1.223810946181537496e+01
1.222660883452842384e+01
1.213057974677808559e+01
1.198415404101499959e+01
1.190736684180069105e+01
1.184401551181275636e+01
