7.374248092768450928e+10
7.837951125502165222e+10
6.332129393541836548e+10
7.096815453098149109e+10
9.152830710696862793e+10
6.838437149228466797e+10
5.167748873639174652e+10
4.340055198160652161e+10
4.674208713645041656e+10
4.982706724117073059e+10
4.270739648620587921e+10
3.592845227781098175e+10
2.129908442936651230e+10
3.999597761006446075e+10
4.230081098838436127e+10
4.113387031239826965e+10
3.591518373716966248e+10
2.265501586716104507e+10
3.607780573305815887e+10
2.799522086769598770e+10
2.836375741984477615e+10
2.333478918671036148e+10
1.232083666022639275e+10
1.709305337509530640e+10
2.120362980425844193e+10
1.505518211941607666e+10
2.011271373762226486e+10
1.967956033370050812e+10
1.690928133448814774e+10
1.808317473946619415e+10
2.049493711351377487e+10
1.804642347907598495e+10
1.787153432355487823e+10
1.926447397059759521e+10
1.579367986633264923e+10
1.391848890347811508e+10
1.111301462238915634e+10
1.606776426499123955e+10
1.682689628631460953e+10
1.567462011706112480e+10
1.117325605650393105e+10
1.500009454699204826e+10
1.286729520766831398e+10
1.104930612868301010e+10
1.324564859135964584e+10
1.376719092054455566e+10
1.222151066625904655e+10
1.208271260625585938e+10
1.116433134016638374e+10
1.308408199448259354e+10
1.047545854802588844e+10
1.004810615251687813e+10
