5.786952951000000238e+08
3.660716993999999762e+08
3.207343523999999762e+08
2.763567155999999642e+08
2.539488761999999881e+08
4.648203038999999873e+06
2.571485738999999762e+08
1.444021381800000072e+08
4.880663964000000060e+07
4.169462955000000447e+07
1.849773713100000098e+07
1.553762849399999976e+08
5.303593515000000596e+07
1.578510231300000250e+08
6.642090579000000656e+07
1.666080800400000066e+07
6.368672727000000328e+07
8.076976793999999762e+07
6.616544765999999642e+07
4.201818330000000447e+07
6.107400585000000149e+07
7.389270765000000596e+07
5.939889342000000924e+07
3.698906292000000179e+07
2.062341557999999821e+07
8.654853746999999881e+07
4.984161342000000179e+07
3.684908858999999613e+07
4.058717972999999672e+07
2.914253603999999911e+07
3.660577617000000179e+07
8.332892876999999397e+06
2.481647307000000030e+06
2.067757350000000000e+07
4.299322497000000440e+06
2.397821996999999974e+06
7.003833626999999397e+06
1.685392479299999774e+07
6.307824711000000127e+06
1.277085566699999943e+07
1.109219907899999991e+07
5.613627696000000462e+06
1.062827277900000103e+07
2.073989493000000017e+06
3.393391908000000566e+07
1.012806863700000104e+06
2.554641033000000287e+06
5.109282066000000574e+06
1.334586543600000069e+07
1.019873277599999914e+06
1.004328759900000063e+06
1.586625954900000012e+06
