1.430471368272654686e+01
1.432239529012267099e+01
1.437590650541613613e+01
1.437386355622032141e+01
1.437241581207221053e+01
1.437825107117681434e+01
1.441644746799784826e+01
1.440375891766081295e+01
1.430902908577640531e+01
1.427468740107916823e+01
1.431215389264622573e+01
1.441730555096614097e+01
1.448281903475476895e+01
1.453237675312663768e+01
1.446667717929315167e+01
1.444631115771519525e+01
1.444460612551423395e+01
1.443826001607691900e+01
1.441173492351934016e+01
1.435900660726051825e+01
1.431071428267241430e+01
1.428244174745011463e+01
1.423122493037147152e+01
1.417897264192994911e+01
1.413745795027765162e+01
1.407458598171523612e+01
1.401515694914595045e+01
1.397308822939321438e+01
1.395094671861639313e+01
1.390490960065550929e+01
1.385257249042979488e+01
1.382315432654834098e+01
1.377435992167633572e+01
1.373200976931323325e+01
1.374066428593487643e+01
1.370699888417474099e+01
1.363153297622116789e+01
1.360464777918060442e+01
1.359933518536790231e+01
1.358427273858786144e+01
1.359884560345913940e+01
1.361260106075481957e+01
1.358121852677956909e+01
1.354133458890654573e+01
1.352869506609788708e+01
1.351356738595855589e+01
1.348666467313785944e+01
1.346630605388030588e+01
1.348345049838116694e+01
1.354098425307199349e+01
1.353267064225446781e+01
1.354021548587893875e+01
1.351407556304980950e+01
1.345628429576307283e+01
1.342311991812953842e+01
1.337955385480585768e+01
1.330320729039603656e+01
1.327238323144353238e+01
1.323148829778445545e+01
1.319588164009898179e+01
1.322257630153610464e+01
1.317265944071955985e+01
1.321432809288899968e+01
1.328156550141412495e+01
1.322887096250187255e+01
1.315660225583731702e+01
1.311089808922765698e+01
1.305365928649253782e+01
1.302111485900801213e+01
1.301885808042069748e+01
1.298633554118410061e+01
1.296804908974787374e+01
1.295084093714565121e+01
1.292566948053129927e+01
1.289538631884223641e+01
1.289599673033340643e+01
1.286383076511555856e+01
1.282806938628930737e+01
1.280349913735157052e+01
1.277491371611588811e+01
1.274540691672008386e+01
1.272525012524590871e+01
1.264643333025478711e+01
1.258554320732983989e+01
1.255434365116382267e+01
1.251679188945702492e+01
1.238070440177366827e+01
1.240382554832380535e+01
1.236277032641056195e+01
1.228054587106186446e+01
1.221421722126680010e+01
1.224111759550254597e+01
1.217674533596890463e+01
1.213265543153999815e+01
1.209193680704004059e+01
1.205012072781137000e+01
1.201962503359556322e+01
1.195111237987664943e+01
1.189492795977353801e+01
1.186553223120374767e+01
