1.359360724167030732e+01
1.361112828727074131e+01
1.365498044307364722e+01
1.358777543911941166e+01
1.355336703903132545e+01
1.354267430176863662e+01
1.357782235990943853e+01
1.359248387253189883e+01
1.365709250628881755e+01
1.373809489896588865e+01
1.379902651897953270e+01
1.405919826077326817e+01
1.420844561336881817e+01
1.428102226793740392e+01
1.423848487343282621e+01
1.417842437026935620e+01
1.409061450707200613e+01
1.405167866746754157e+01
1.396511984610323331e+01
1.385101990375906134e+01
1.380563308134562028e+01
1.376986412389731385e+01
1.369999650233961397e+01
1.360059477783345550e+01
1.359831305327332451e+01
1.355590824982957088e+01
1.350543156184260418e+01
1.347223472469915428e+01
1.340967941225022209e+01
1.327326004478086396e+01
1.333929984239168931e+01
1.333011995077077572e+01
1.331365797818527952e+01
1.327270804512202851e+01
1.326810706056548383e+01
1.320833255011067031e+01
1.316215348666375817e+01
1.311442783525108169e+01
1.304167876175131191e+01
1.309129465108425805e+01
1.298311573882142689e+01
1.297849153259404709e+01
1.298679808853382056e+01
1.294917175423122124e+01
1.297322883036234664e+01
1.294603598770257236e+01
1.289200101288018629e+01
1.288048435579542605e+01
1.286590276139487976e+01
1.288450125214460051e+01
1.280410208210130030e+01
1.278124008953345303e+01
1.277772328777040123e+01
1.277189587645496971e+01
1.275177781454222625e+01
1.274456632490275254e+01
1.272333510058084194e+01
1.269398949829577283e+01
1.266706993787217250e+01
1.267326263785109930e+01
1.263670328885694794e+01
1.261200937722855286e+01
1.260099286417935005e+01
1.259706310773979432e+01
1.256665373106891082e+01
1.249733104983373089e+01
1.250524808555514689e+01
1.246450854047523293e+01
1.242533530969113897e+01
1.240983327089382549e+01
1.239432242733767175e+01
1.234122902261189303e+01
1.229666217909620940e+01
1.229177153104775577e+01
1.226411886288888731e+01
1.227969415936966513e+01
1.224135022643189963e+01
1.220618754033591102e+01
1.216422113043191899e+01
1.211571804597621416e+01
1.207846941861149936e+01
1.206398083338323346e+01
1.206297408410705252e+01
1.201498959229413011e+01
1.198851710002993798e+01
1.197415984907743258e+01
1.193617583580825858e+01
1.190129909844312195e+01
1.184966611020619531e+01
1.181198295306208479e+01
1.177474151750677223e+01
1.173013140593257830e+01
1.175546823095223026e+01
1.163649040291423731e+01
1.156299021617739875e+01
1.157191221293212990e+01
1.154179558291609631e+01
1.148532719937678337e+01
1.142669994291922109e+01
1.136609373659731403e+01
