specfile|restwave|zsys|col|bval|vel|nflag|bflag|vflag|vlim1|vlim2|wobs1|wobs2|z_comp|trans|rely|comment
J1051+2805_nbin3_jwnorm.fits|1031.92610|0.41670364|13.9600|42.9000|0.0000|2|2|2|-47.8118|47.8118|1461.70033|1462.16663|0.41670364|OVI|c|
J1051+2805_nbin3_jwnorm.fits|1037.61670|0.41670364|13.9600|42.9000|0.0000|2|2|2|-47.8118|47.8118|1469.76094|1470.22981|0.41670364|OVI|c|
J1051+2805_nbin3_jwnorm.fits|1031.92610|0.41738741|14.8100|77.0000|0.0000|3|3|3|-89.7929|89.7929|1462.20105|1463.07722|0.41738741|OVI|b|
J1051+2805_nbin3_jwnorm.fits|1037.61670|0.41738741|14.8100|77.0000|0.0000|3|3|3|-89.7929|89.7929|1470.26442|1471.14542|0.41738741|OVI|b|
J1051+2805_nbin3_jwnorm.fits|1031.92610|0.41913270|14.0700|10.0000|0.0000|4|4|4|-30.3197|30.3197|1464.29197|1464.58818|0.41913270|OVI|c|
J1051+2805_nbin3_jwnorm.fits|1037.61670|0.41913270|14.0700|10.0000|0.0000|4|4|4|-30.3197|30.3197|1472.36687|1472.66472|0.41913270|OVI|c|
J1051+2805_nbin3_jwnorm.fits|1031.92610|0.41946405|14.4200|30.0000|0.0000|5|5|5|-48.9780|48.9780|1464.54272|1465.02133|0.41946405|OVI|b|
J1051+2805_nbin3_jwnorm.fits|1037.61670|0.41946405|14.4200|30.0000|0.0000|5|5|5|-48.9780|48.9780|1472.61900|1473.10025|0.41946405|OVI|b|
J1051+2805_nbin3_jwnorm.fits|1025.72220|0.42011410|14.8200|66.8000|0.0000|6|6|6|-62.9717|62.9717|1456.33662|1456.94856|0.42011410|HI|b|
J1051+2805_nbin3_jwnorm.fits|1215.67000|0.42011410|14.8200|66.8000|0.0000|6|6|6|-62.9717|62.9717|1726.02752|1726.75278|0.42011410|HI|b|
J1051+2805_nbin3_jwnorm.fits|1031.92610|0.42014334|15.4100|62.6000|0.0000|7|7|7|-106.1189|106.1189|1464.96433|1466.00182|0.42014334|OVI|b|
J1051+2805_nbin3_jwnorm.fits|1037.61670|0.42014334|15.4100|62.6000|0.0000|7|7|7|-106.1189|106.1189|1473.04294|1474.08614|0.42014334|OVI|b|
J1051+2805_nbin3_jwnorm.fits|1031.92610|0.42090743|14.7200|51.1000|0.0000|8|8|8|-62.9717|62.9717|1465.96350|1466.57948|0.42090743|OVI|b|
J1051+2805_nbin3_jwnorm.fits|1037.61670|0.42090743|14.7200|51.1000|0.0000|8|8|8|-62.9717|62.9717|1474.04762|1474.66700|0.42090743|OVI|b|
J1051+2805_nbin3_jwnorm.fits|1025.72220|0.42098198|15.9300|54.8000|0.0000|9|9|9|-110.7835|110.7835|1456.99425|1458.07147|0.42098198|HI|b|
J1051+2805_nbin3_jwnorm.fits|1215.67000|0.42098198|15.9300|54.8000|0.0000|9|9|9|-110.7835|110.7835|1726.80693|1728.08363|0.42098198|HI|b|
J1051+2805_nbin3_jwnorm.fits|1031.92610|0.42173138|14.8600|60.9000|0.0000|10|10|10|-82.7961|82.7961|1466.71658|1467.52696|0.42173138|OVI|b|
J1051+2805_nbin3_jwnorm.fits|1037.61670|0.42173138|14.8600|60.9000|0.0000|10|10|10|-82.7961|82.7961|1474.80485|1475.61970|0.42173138|OVI|b|
J1051+2805_nbin3_jwnorm.fits|1025.72220|0.42180010|16.5400|28.7000|0.0000|11|11|11|-80.4638|80.4638|1457.98056|1458.76340|0.42180010|HI|b|
J1051+2805_nbin3_jwnorm.fits|1215.67000|0.42180010|16.5400|28.7000|0.0000|11|11|11|-80.4638|80.4638|1727.97588|1728.90370|0.42180010|HI|b|
J1051+2805_nbin3_jwnorm.fits|972.53670|0.42244686|13.6600|21.2000|0.0000|12|12|12|-46.6457|46.6457|1383.16655|1383.59704|0.42244686|HI|b|
J1051+2805_nbin3_jwnorm.fits|1025.72220|0.42244686|13.6600|21.2000|0.0000|12|12|12|-46.6457|46.6457|1458.80833|1459.26236|0.42244686|HI|b|
J1051+2805_nbin3_jwnorm.fits|1215.67000|0.42244686|13.6600|21.2000|0.0000|12|12|12|-46.6457|46.6457|1728.95694|1729.49505|0.42244686|HI|b|
J1051+2805_nbin3_jwnorm.fits|1031.92610|0.42255671|14.5200|58.4000|0.0000|13|13|13|-64.1378|64.1378|1467.65937|1468.28749|0.42255671|OVI|b|
J1051+2805_nbin3_jwnorm.fits|1037.61670|0.42255671|14.5200|58.4000|0.0000|13|13|13|-64.1378|64.1378|1475.75284|1476.38442|0.42255671|OVI|b|
J1051+2805_nbin3_jwnorm.fits|1031.92610|0.42315451|14.9700|35.0000|0.0000|14|14|14|-59.4732|59.4732|1468.29897|1468.88166|0.42315451|OVI|b|
J1051+2805_nbin3_jwnorm.fits|1037.61670|0.42315451|14.9700|35.0000|0.0000|14|14|14|-59.4732|59.4732|1476.39597|1476.98186|0.42315451|OVI|b|
J1051+2805_nbin3_jwnorm.fits|972.53670|0.42324463|14.2400|46.1000|0.0000|15|15|15|-107.2851|107.2851|1383.66239|1384.65307|0.42324463|HI|b|
J1051+2805_nbin3_jwnorm.fits|1025.72220|0.42324463|14.2400|46.1000|0.0000|15|15|15|-107.2851|107.2851|1459.33128|1460.37614|0.42324463|HI|b|
J1051+2805_nbin3_jwnorm.fits|1215.67000|0.42324463|14.2400|46.1000|0.0000|15|15|15|-107.2851|107.2851|1729.57674|1730.81509|0.42324463|HI|b|
J1051+2805_nbin3_jwnorm.fits|1031.92610|0.42363608|14.1700|15.4000|0.0000|16|16|16|-41.9811|41.9811|1468.88152|1469.29296|0.42363608|OVI|c|
J1051+2805_nbin3_jwnorm.fits|1037.61670|0.42363608|14.1700|15.4000|0.0000|16|16|16|-41.9811|41.9811|1476.98173|1477.39544|0.42363608|OVI|c|
J1051+2805_nbin3_jwnorm.fits|972.53670|0.42435168|15.0700|107.1000|0.0000|17|17|17|-130.6079|130.6079|1384.63092|1385.83791|0.42435168|HI|b|
J1051+2805_nbin3_jwnorm.fits|1025.72220|0.42435168|15.0700|107.1000|0.0000|17|17|17|-130.6079|130.6079|1460.35278|1461.62577|0.42435168|HI|b|
J1051+2805_nbin3_jwnorm.fits|1215.67000|0.42435168|15.0700|107.1000|0.0000|17|17|17|-130.6079|130.6079|1730.78740|1732.29614|0.42435168|HI|b|
J1051+2805_nbin3_jwnorm.fits|1031.92610|0.43003206|15.3000|43.8000|0.0000|18|18|18|-107.2851|107.2851|1475.15940|1476.21559|0.43003206|OVI|b|
J1051+2805_nbin3_jwnorm.fits|1037.61670|0.43003206|15.3000|43.8000|0.0000|18|18|18|-107.2851|107.2851|1483.29423|1484.35625|0.43003206|OVI|b|
