0.000000000000000000e+00
1.717171717171717127e+00
3.434343434343434254e+00
5.151515151515151381e+00
6.868686868686868507e+00
8.585858585858584746e+00
1.030303030303030276e+01
1.202020202020202078e+01
1.373737373737373701e+01
1.545454545454545325e+01
1.717171717171716949e+01
1.888888888888888928e+01
2.060606060606060552e+01
2.232323232323232176e+01
2.404040404040404155e+01
2.575757575757575779e+01
2.747474747474747403e+01
2.919191919191919027e+01
3.090909090909090651e+01
3.262626262626262275e+01
3.434343434343433898e+01
3.606060606060606233e+01
3.777777777777777857e+01
3.949494949494949481e+01
4.121212121212121104e+01
4.292929292929292728e+01
4.464646464646464352e+01
4.636363636363635976e+01
4.808080808080808310e+01
4.979797979797979934e+01
5.151515151515151558e+01
5.323232323232323182e+01
5.494949494949494806e+01
5.666666666666666430e+01
5.838383838383838054e+01
6.010101010101009678e+01
6.181818181818181301e+01
6.353535353535353636e+01
6.525252525252524549e+01
6.696969696969696884e+01
6.868686868686867797e+01
7.040404040404040131e+01
7.212121212121212466e+01
7.383838383838383379e+01
7.555555555555555713e+01
7.727272727272726627e+01
7.898989898989898961e+01
8.070707070707069875e+01
8.242424242424242209e+01
8.414141414141414543e+01
8.585858585858585457e+01
8.757575757575757791e+01
8.929292929292928704e+01
9.101010101010101039e+01
9.272727272727271952e+01
9.444444444444444287e+01
9.616161616161616621e+01
9.787878787878787534e+01
9.959595959595959869e+01
1.013131313131313078e+02
1.030303030303030312e+02
1.047474747474747403e+02
1.064646464646464636e+02
1.081818181818181728e+02
1.098989898989898961e+02
1.116161616161616195e+02
1.133333333333333286e+02
1.150505050505050519e+02
1.167676767676767611e+02
1.184848484848484844e+02
1.202020202020201936e+02
1.219191919191919169e+02
1.236363636363636260e+02
1.253535353535353494e+02
1.270707070707070727e+02
1.287878787878787818e+02
1.305050505050504910e+02
1.322222222222222285e+02
1.339393939393939377e+02
1.356565656565656468e+02
1.373737373737373559e+02
1.390909090909090935e+02
1.408080808080808026e+02
1.425252525252525118e+02
1.442424242424242493e+02
1.459595959595959584e+02
1.476767676767676676e+02
1.493939393939393767e+02
1.511111111111111143e+02
1.528282828282828234e+02
1.545454545454545325e+02
1.562626262626262701e+02
1.579797979797979792e+02
1.596969696969696884e+02
1.614141414141413975e+02
1.631313131313131350e+02
1.648484848484848442e+02
1.665656565656565533e+02
1.682828282828282909e+02
1.700000000000000000e+02
