1.179612953087215033e+01
1.182390604582148441e+01
1.202226036706584189e+01
1.203182943279421480e+01
1.207291975272143780e+01
1.209583196001777239e+01
1.209004623278437229e+01
1.210117225260128571e+01
1.215043374177222191e+01
1.229327337266991194e+01
1.230612738480516910e+01
1.224598614662858331e+01
1.218028259387511092e+01
1.221271566816579046e+01
1.242744869786892536e+01
1.274317031812950418e+01
1.296479940885463300e+01
1.311235285225829550e+01
1.302149324490370574e+01
1.292290185907366507e+01
1.278083625460839912e+01
1.268872449674821112e+01
1.277062322394771599e+01
1.270288972801662553e+01
1.261285219506704181e+01
1.271513262970711544e+01
1.266658696687704122e+01
1.262249470728617062e+01
1.256624578392258407e+01
1.248101736317506116e+01
1.245480425469966157e+01
1.242578045884383897e+01
1.234642640006291892e+01
1.226707234128199708e+01
1.234278110843884058e+01
1.236158104139058267e+01
1.224388073860702519e+01
1.221269960283096623e+01
1.220333044575657411e+01
1.221216461233931838e+01
1.227330144326512951e+01
1.224790961870925621e+01
1.218870159391388519e+01
1.205379751480663053e+01
1.203804404438805875e+01
1.197110417668801752e+01
1.210343823050489220e+01
1.225241443831623833e+01
1.220234398645391849e+01
1.218607039536597014e+01
1.218454346167868430e+01
1.220087689973781409e+01
1.220925448821583004e+01
1.216850291361558511e+01
1.211242011107311356e+01
1.214112499524044075e+01
1.216084861923322080e+01
1.205440730028722207e+01
1.195041774728855621e+01
1.191478254590763974e+01
1.191609707669892870e+01
1.193673260341513576e+01
1.191234096983617086e+01
1.221299206967616691e+01
1.218296482356435284e+01
1.208737271079428233e+01
1.197531111414229521e+01
1.189704238174583750e+01
1.172562835732030884e+01
1.180273219116149974e+01
1.184221000360735587e+01
1.183752988580818943e+01
1.182908711590058282e+01
1.181163714347846749e+01
1.179209930817705576e+01
1.179154745786681424e+01
1.180605783454624458e+01
1.180130711245956654e+01
1.172039995286812619e+01
1.176610967610896985e+01
1.184195516269796755e+01
1.180861542994766111e+01
1.179935178357323089e+01
1.174633262216672058e+01
1.176914330416161469e+01
1.181117280627786847e+01
1.181055275685040762e+01
1.180226834116141355e+01
1.174925663245628904e+01
1.173077044354791276e+01
1.176478683854576701e+01
1.178628080279542267e+01
1.173784627011854198e+01
1.187720066529928786e+01
1.176487045689336242e+01
1.168282253988668273e+01
1.163957233890826615e+01
1.172233491349569690e+01
1.180134575234363226e+01
1.179526145183618446e+01
