1.249924458917111103e+01
1.267325157299850957e+01
1.291050736496528195e+01
1.310139070949947815e+01
1.316125419450716549e+01
1.312553441299487389e+01
1.318450834860496990e+01
1.312553629476076367e+01
1.323291640027317762e+01
1.322085278138037090e+01
1.331981564985176547e+01
1.366672046972109200e+01
1.388782222795111032e+01
1.388228583652913528e+01
1.390521518512646004e+01
1.377761707232013144e+01
1.372920763669200994e+01
1.359909649381309826e+01
1.361027538705780593e+01
1.349778041822483665e+01
1.338267216725617992e+01
1.327863839741805307e+01
1.319534584742992323e+01
1.312954912409175812e+01
1.307358240164560748e+01
1.288933954208782140e+01
1.273313895781554095e+01
1.262227694019676605e+01
1.253618200203112742e+01
1.268231125936315351e+01
1.256871301517510808e+01
1.255727951593936709e+01
1.246257796158861098e+01
1.232007568557293276e+01
1.222494310016878671e+01
1.214609069240610140e+01
1.205811616062425706e+01
1.203749250668121995e+01
1.193480530474384338e+01
1.189850239895267237e+01
1.186043272647868285e+01
1.179710271327981808e+01
1.178844699359396131e+01
1.175350395988094121e+01
1.168579243543289081e+01
1.164369463347432365e+01
1.157480905490358936e+01
1.157900559298243870e+01
1.146050749914549804e+01
1.149781152947370089e+01
1.138257840188279069e+01
1.136637552801525253e+01
1.137033343828626641e+01
1.145085300178351773e+01
1.123935099738299748e+01
1.130084281248343103e+01
1.136782749163232253e+01
1.127905351819707924e+01
1.108080377413916473e+01
1.111910907619874500e+01
1.097119151972421136e+01
1.085720269915281655e+01
1.078967503048915866e+01
1.074430024859380772e+01
1.073194363746217839e+01
1.071176086533822769e+01
1.061843380206444643e+01
1.052671034016067075e+01
1.045622427741410121e+01
1.042055184701411719e+01
1.039779034070560648e+01
1.029473690458568846e+01
1.023077178831930567e+01
1.023214771375238463e+01
1.014949544956820837e+01
1.007434300045975029e+01
1.003628182234494481e+01
1.033508641965359409e+01
1.038684957591159730e+01
1.008989373309458770e+01
1.023464106136678353e+01
1.020172143720186320e+01
1.017209481882865418e+01
1.015701039692897112e+01
1.011706372139974164e+01
9.995452573881388858e+00
9.882716040527263601e+00
9.950840707715705946e+00
9.842411157428703206e+00
9.805617444106090375e+00
9.779237493514536084e+00
9.730791244000149831e+00
9.963886646308562689e+00
9.877789084106723294e+00
9.847355666926521423e+00
9.790196890966551990e+00
9.873747307467844792e+00
9.694577395583705126e+00
9.658971931876680017e+00
9.648921781739527859e+00
