0.000000000000000000e+00
8.080808080808080801e-03
1.616161616161616160e-02
2.424242424242424240e-02
3.232323232323232320e-02
4.040404040404040054e-02
4.848484848484848481e-02
5.656565656565656908e-02
6.464646464646464641e-02
7.272727272727272374e-02
8.080808080808080107e-02
8.888888888888889228e-02
9.696969696969696961e-02
1.050505050505050469e-01
1.131313131313131382e-01
1.212121212121212155e-01
1.292929292929292928e-01
1.373737373737373701e-01
1.454545454545454475e-01
1.535353535353535248e-01
1.616161616161616021e-01
1.696969696969697072e-01
1.777777777777777846e-01
1.858585858585858619e-01
1.939393939393939392e-01
2.020202020202020166e-01
2.101010101010100939e-01
2.181818181818181712e-01
2.262626262626262763e-01
2.343434343434343536e-01
2.424242424242424310e-01
2.505050505050505083e-01
2.585858585858585856e-01
2.666666666666666630e-01
2.747474747474747403e-01
2.828282828282828176e-01
2.909090909090908950e-01
2.989898989898989723e-01
3.070707070707070496e-01
3.151515151515151270e-01
3.232323232323232043e-01
3.313131313131313371e-01
3.393939393939394145e-01
3.474747474747474918e-01
3.555555555555555691e-01
3.636363636363636465e-01
3.717171717171717238e-01
3.797979797979798011e-01
3.878787878787878785e-01
3.959595959595959558e-01
4.040404040404040331e-01
4.121212121212121104e-01
4.202020202020201878e-01
4.282828282828282651e-01
4.363636363636363424e-01
4.444444444444444198e-01
4.525252525252525526e-01
4.606060606060606299e-01
4.686868686868687073e-01
4.767676767676767846e-01
4.848484848484848619e-01
4.929292929292929393e-01
5.010101010101010166e-01
5.090909090909090384e-01
5.171717171717171713e-01
5.252525252525253041e-01
5.333333333333333259e-01
5.414141414141414588e-01
5.494949494949494806e-01
5.575757575757576134e-01
5.656565656565656353e-01
5.737373737373737681e-01
5.818181818181817899e-01
5.898989898989899228e-01
5.979797979797979446e-01
6.060606060606060774e-01
6.141414141414140992e-01
6.222222222222222321e-01
6.303030303030302539e-01
6.383838383838383868e-01
6.464646464646464086e-01
6.545454545454545414e-01
6.626262626262626743e-01
6.707070707070706961e-01
6.787878787878788289e-01
6.868686868686868507e-01
6.949494949494949836e-01
7.030303030303030054e-01
7.111111111111111382e-01
7.191919191919191601e-01
7.272727272727272929e-01
7.353535353535353147e-01
7.434343434343434476e-01
7.515151515151514694e-01
7.595959595959596022e-01
7.676767676767676241e-01
7.757575757575757569e-01
7.838383838383838897e-01
7.919191919191919116e-01
8.000000000000000444e-01
