1.268352193321702792e+01
1.274661055605190896e+01
1.307829929208334718e+01
1.318082628164201786e+01
1.308961399214980048e+01
1.320006435125873523e+01
1.315751323286536234e+01
1.323880472921161910e+01
1.331349181796399428e+01
1.331421500429516769e+01
1.341989338330839132e+01
1.358641795242107264e+01
1.391363877912764835e+01
1.391017400106027324e+01
1.385708959574428434e+01
1.381910434000339905e+01
1.377924126167382646e+01
1.370543462060746975e+01
1.367931973397516643e+01
1.350511243872615985e+01
1.336187052306675405e+01
1.323139913818671509e+01
1.303175982061590865e+01
1.296323217840800091e+01
1.299022121982905986e+01
1.301746950037149908e+01
1.305444141309493311e+01
1.290637283679178005e+01
1.292839473453514110e+01
1.281034182168829183e+01
1.257857041670671450e+01
1.243675997357909502e+01
1.238643256689712757e+01
1.249544725784295984e+01
1.236386813502116233e+01
1.226388055434816593e+01
1.217564108794746680e+01
1.211681747708247947e+01
1.205927213212634008e+01
1.207840418029601004e+01
1.204339103496531571e+01
1.201894033511819160e+01
1.199812009826366399e+01
1.198765973140473129e+01
1.195026728970734986e+01
1.192850378912253539e+01
1.192359522456617249e+01
1.182171179123506022e+01
1.179586511771782575e+01
1.183750420917163382e+01
1.174729702589931968e+01
1.165720753495006967e+01
1.167929101016557070e+01
1.163083384286618838e+01
1.159145818434936182e+01
1.151340114303850370e+01
1.146492659012940329e+01
1.152557153526512401e+01
1.151649826003105836e+01
1.127702457083839427e+01
1.119368290591786419e+01
1.120243807001383374e+01
1.129832758140622850e+01
1.123241531754139189e+01
1.103105006946264233e+01
1.120054081077193686e+01
1.090241755596991879e+01
1.095053819266189876e+01
1.085377516700811462e+01
1.088617013707994374e+01
1.074041361983561416e+01
1.076691616931836570e+01
1.067306379211498069e+01
1.060919652823415582e+01
1.057971765617510052e+01
1.056830451425156170e+01
1.052126089584217539e+01
1.045744467734260041e+01
1.041423601051022274e+01
1.035454525628598610e+01
1.027298433798593713e+01
1.032582336430491310e+01
1.025320036951391423e+01
1.018529871442908608e+01
1.013139016865064335e+01
9.954541434863960703e+00
9.949478490398687924e+00
1.000210056780116119e+01
9.972690058015945880e+00
9.836615729116747531e+00
9.895274064836060646e+00
9.763290125393970342e+00
9.730291365404340809e+00
9.699751448475506521e+00
9.572981132842643959e+00
9.575071862369574305e+00
9.445245578119319418e+00
9.426554960132179417e+00
9.354894358058075454e+00
9.277939531300136267e+00
