1.182855162042287844e+01
1.200394148260564009e+01
1.204970572101589710e+01
1.206684936008675280e+01
1.210284416157496601e+01
1.229915217866501109e+01
1.234393860582272140e+01
1.220953139145710509e+01
1.220453521757645099e+01
1.237470222321774393e+01
1.264623039838784635e+01
1.281151751140427208e+01
1.281201441261925922e+01
1.296017175951069333e+01
1.283082211492182090e+01
1.268066467888812632e+01
1.269643706346325374e+01
1.261397314712164430e+01
1.246060540381453130e+01
1.248472296343610566e+01
1.254721420763521422e+01
1.249375704893454042e+01
1.241615509557577113e+01
1.253612132083830133e+01
1.248081273760886489e+01
1.247748363437893815e+01
1.243298625263992108e+01
1.249293138407160342e+01
1.261524375923134045e+01
1.266697571270779932e+01
1.253045049651622911e+01
1.241689797675887874e+01
1.243598021204160631e+01
1.247878820711855496e+01
1.232616653453659339e+01
1.236053932801409339e+01
1.247240404860702156e+01
1.238761147886641822e+01
1.234783991434662909e+01
1.232640894243133900e+01
1.216370442744447544e+01
1.221600549777894251e+01
1.221662538397971076e+01
1.214193601706106662e+01
1.220107881086056167e+01
1.227928561226000070e+01
1.224478629899909876e+01
1.214267641401122688e+01
1.207663471893053497e+01
1.203744358145931770e+01
1.213308299200319595e+01
1.206852972770846932e+01
1.205072701385536504e+01
1.201260468739515197e+01
1.202408925519304894e+01
1.202868654096361567e+01
1.197923485983210590e+01
1.207964514562485903e+01
1.213222295116065652e+01
1.219378902682838373e+01
1.208987652370754340e+01
1.192492032672491931e+01
1.195148269898066218e+01
1.189628839273847127e+01
1.182895202999992179e+01
1.184639323298465641e+01
1.181002579381834394e+01
1.182399304701645093e+01
1.182729822193795499e+01
1.186482924147198403e+01
1.180354312269192008e+01
1.188519312915511250e+01
1.191038402667073370e+01
1.184167179298953876e+01
1.171561068845652898e+01
1.186398944190447224e+01
1.195752469470194868e+01
1.179121460353477069e+01
1.170534957493936723e+01
1.152955868964792785e+01
1.152785185010690938e+01
1.141723343837067084e+01
1.157637138392555443e+01
1.132796518357212179e+01
1.125037848452566891e+01
1.128235300844497857e+01
1.128157425707273909e+01
1.116673212544553451e+01
1.112686977332380778e+01
1.107062842639255251e+01
1.105921492436889508e+01
1.102213043165154716e+01
1.085075809655541335e+01
1.080896152924149689e+01
1.084472564183744581e+01
1.073646198323682199e+01
1.065745861179622445e+01
1.061914922257423655e+01
1.058930306424355194e+01
1.036920304185697006e+01
