1.301367019112106860e+01
1.290285602170099466e+01
1.267972679291852600e+01
1.310374559849062948e+01
1.306249256978240147e+01
1.313168061815028231e+01
1.321895776652913845e+01
1.336781702970659502e+01
1.332444995062250293e+01
1.354621106448579937e+01
1.346281939016648188e+01
1.344788207554704584e+01
1.374618128384596183e+01
1.383866974981725129e+01
1.381127102265247331e+01
1.385212158904370838e+01
1.384970378439628824e+01
1.380294120134505320e+01
1.376390647536262613e+01
1.375783549752567048e+01
1.369869025500718429e+01
1.355591145625833960e+01
1.350251155551658933e+01
1.340577868823717367e+01
1.342236338119335315e+01
1.330611558426715924e+01
1.319431361363239219e+01
1.311631874727453884e+01
1.306597820638421936e+01
1.303822986158195718e+01
1.301579273692769512e+01
1.298887891087746738e+01
1.295283667346990697e+01
1.294656966085866223e+01
1.284032357420782056e+01
1.288062327494776227e+01
1.287520925552223616e+01
1.283411799864133584e+01
1.275478737590980849e+01
1.267984550763259222e+01
1.266563122490986615e+01
1.269048705479322869e+01
1.269262288945571271e+01
1.289394829944136767e+01
1.274653635806799201e+01
1.260866406837091169e+01
1.261276009336540760e+01
1.260642259181044089e+01
1.261442653834952488e+01
1.264900762871410400e+01
1.266760223619935921e+01
1.266821625146972252e+01
1.266619107820093149e+01
1.267118026287350396e+01
1.264385721181711553e+01
1.270180592408743969e+01
1.261839611288501750e+01
1.260804354913043746e+01
1.266082055925252625e+01
1.264603227328694679e+01
1.255632452091792928e+01
1.253206929972254535e+01
1.256763262680958171e+01
1.262705427148368820e+01
1.261222112885110924e+01
1.265639758752632815e+01
1.262881928436740075e+01
1.259332823210183072e+01
1.256258212683207098e+01
1.253890340642270829e+01
1.245948351099457341e+01
1.240658181279494343e+01
1.238108441178907349e+01
1.238535830474402388e+01
1.223858247380826647e+01
1.226877150398307670e+01
1.221438897683583491e+01
1.215808911782157153e+01
1.222719420196601092e+01
1.225171925418556285e+01
1.221596306344444116e+01
1.223322506083152028e+01
1.225711563695615958e+01
1.227631023767075469e+01
1.227029043352500537e+01
1.218439385554424703e+01
1.212088442879199235e+01
1.215191957469261297e+01
1.201729167987156721e+01
1.196181383815605237e+01
1.193769755227779150e+01
1.194633690712376151e+01
1.184066382594717126e+01
1.178490649722366257e+01
1.176417701680426653e+01
1.177037491139007130e+01
1.159190720942794250e+01
1.160943203424820247e+01
1.165661840482374423e+01
1.136666766441268450e+01
