1.177798432990028132e+01
1.180390509924759890e+01
1.194021646032759598e+01
1.191832112303604418e+01
1.199824073731998553e+01
1.208080227690319042e+01
1.214950937103527195e+01
1.225402217322868559e+01
1.239125650911800314e+01
1.263851059801427290e+01
1.269977283987616978e+01
1.278975965612901966e+01
1.307849354946238485e+01
1.321004897909040920e+01
1.331635073410901526e+01
1.338853767329829481e+01
1.336328229675389956e+01
1.323834950570307889e+01
1.312536066544756430e+01
1.292107493787532491e+01
1.285855129780549788e+01
1.275961685997207873e+01
1.259308117705904806e+01
1.248697297382997462e+01
1.243858137892142324e+01
1.237651322287872802e+01
1.227116803035078618e+01
1.212145645180673625e+01
1.203679140845291329e+01
1.194563686420832660e+01
1.189351030298658252e+01
1.179634006537665591e+01
1.171283813395020523e+01
1.169707397986819686e+01
1.159899211821163334e+01
1.155469390064660828e+01
1.149592426658683131e+01
1.145429580342536013e+01
1.141683082731363186e+01
1.136659300905995629e+01
1.132518516312432055e+01
1.134415635573116354e+01
1.131557934808370902e+01
1.129268882600887736e+01
1.124873630001515679e+01
1.107503919802128500e+01
1.108445614940373325e+01
1.104775103896610844e+01
1.100460731893133115e+01
1.098871371896013649e+01
1.092213548226579078e+01
1.087061904243050847e+01
1.091952507287104446e+01
1.086547687480996238e+01
1.065843834212557262e+01
1.063283493785236189e+01
1.058380104178339209e+01
1.052757202567433303e+01
1.050095569494124170e+01
1.047856576377404814e+01
1.043820104480115774e+01
1.039800035003523249e+01
1.036594970894116940e+01
1.033487663754659813e+01
1.029704845254812184e+01
1.026746893282480677e+01
1.017855751390434449e+01
1.009928479538620394e+01
1.004300131592246004e+01
1.001444138967368147e+01
9.966972437266679918e+00
9.899591894491457822e+00
9.856806297817326978e+00
9.840588250914164448e+00
9.782023137291490755e+00
9.710206226524643824e+00
9.706904501977801303e+00
9.650731431188750875e+00
9.599119146855151996e+00
9.577957295138864069e+00
9.593403905460506920e+00
9.628805127946918674e+00
9.561800383229071443e+00
9.469103351929218704e+00
9.400981235798594682e+00
9.418647956358297435e+00
9.421648853680668623e+00
9.337231383864905254e+00
9.269294306373375036e+00
9.254041071185900691e+00
9.197506161432571048e+00
9.080597915433894940e+00
9.022941720331818516e+00
9.040872437508324921e+00
8.994047324784732567e+00
8.858992644770172120e+00
8.709961917150328858e+00
8.618869719377759253e+00
8.483554804782372116e+00
8.479144093700039519e+00
