1.045337721563532796e+01
1.044552452521579688e+01
1.050288798283215641e+01
1.049784842341031244e+01
1.078192236512147595e+01
1.091190510255965229e+01
1.112308267390374894e+01
1.069704543503144478e+01
1.119691187195300053e+01
1.136050992731437148e+01
1.143426533844153603e+01
1.169561379916240718e+01
1.183631432274314577e+01
1.186658940751627433e+01
1.191179742243831008e+01
1.182960095737073658e+01
1.198564917469998825e+01
1.181902066209550561e+01
1.178749161416067892e+01
1.156931864759941675e+01
1.153614267046081920e+01
1.170771597629103944e+01
1.182176908948172489e+01
1.171079813798649205e+01
1.139280392394483243e+01
1.144464738762462019e+01
1.175068934577254076e+01
1.173426489154427976e+01
1.182709563179179746e+01
1.174305903608627055e+01
1.137885762525214872e+01
1.136517741512296276e+01
1.141104523643739732e+01
1.150329625018454394e+01
1.148507675491999613e+01
1.146957550513281632e+01
1.142521483614349620e+01
1.144324505285734617e+01
1.142183997326282707e+01
1.142695028463265494e+01
1.135272643113422752e+01
1.137053500421576580e+01
1.136301791357182189e+01
1.136412740544502320e+01
1.122926687824127434e+01
1.104050678814040864e+01
1.119208060076292099e+01
1.150633208540354246e+01
1.156744745688687104e+01
1.147368269708087851e+01
1.122311741727313894e+01
1.120631859831185828e+01
1.132249785354883898e+01
1.122775773236277175e+01
1.110626470655155806e+01
1.110589185655249800e+01
1.097943201377523792e+01
1.105827619773112325e+01
1.105075075793095252e+01
1.101445465492747466e+01
1.099404440157400487e+01
1.098615102689543299e+01
1.094686292322988486e+01
1.091903204493167401e+01
1.089571020129277557e+01
1.087162243845951437e+01
1.088102782171317706e+01
1.083300183848200859e+01
1.079210204831807474e+01
1.075571531976637552e+01
1.074089876035455582e+01
1.079923654268112720e+01
1.079845939232352592e+01
1.066164874099310467e+01
1.062718801582915518e+01
1.061512290142890258e+01
1.058716524126037939e+01
1.053154831727887064e+01
1.052276329971712343e+01
1.052000853113748846e+01
1.042783910222815180e+01
1.057153827471849006e+01
1.037949603946235300e+01
1.035520555632714590e+01
1.037797485205999948e+01
1.040821913697284273e+01
1.033951601033128576e+01
1.030966001415085742e+01
1.027588912853277847e+01
1.026265816070264059e+01
1.025176168033175728e+01
1.026031449121152761e+01
1.028281905311582101e+01
1.026479982198912744e+01
1.022701769530461213e+01
1.015761597497358437e+01
9.902307580762974126e+00
9.818498226318853384e+00
9.830991510130720812e+00
9.765448459713159224e+00
