1.372588956953770989e+01
1.371976925137633962e+01
1.373111444229691891e+01
1.374937605599943069e+01
1.379704752607063689e+01
1.385089405327501311e+01
1.392795549044049430e+01
1.396751858874665508e+01
1.402118069744247286e+01
1.398334800193134697e+01
1.405673243785122573e+01
1.411727731915540396e+01
1.417311152525082818e+01
1.434975752898082746e+01
1.442460222453821039e+01
1.444644829195236291e+01
1.439200111170855756e+01
1.434991152147976479e+01
1.430381257283556629e+01
1.424058235269723660e+01
1.415262628250254906e+01
1.406955898206533817e+01
1.403233641403692644e+01
1.396095868028467990e+01
1.388650606000859611e+01
1.383804220736857182e+01
1.374111056060526970e+01
1.370298875678782480e+01
1.366886589376053251e+01
1.361592628171771935e+01
1.354977350141261461e+01
1.354396903972436839e+01
1.348838426596072537e+01
1.338616647843202934e+01
1.329186550571617431e+01
1.322354302737183218e+01
1.315824070600744911e+01
1.313011168483797064e+01
1.315328503139382654e+01
1.310425116102737597e+01
1.308983317040352290e+01
1.304566872355326268e+01
1.298006692780067262e+01
1.293410333677069701e+01
1.301449887952479401e+01
1.310398104078784165e+01
1.311836939587434969e+01
1.317028569312238950e+01
1.329839079766776067e+01
1.324954437004406671e+01
1.320644990137772012e+01
1.321363927932100779e+01
1.326162766868706022e+01
1.314104308359234707e+01
1.303795819067445017e+01
1.301688916308412480e+01
1.296952589926345922e+01
1.290850596557670116e+01
1.286925549132684665e+01
1.272619394259414882e+01
1.265879557853291537e+01
1.268666555063157020e+01
1.263767203776175307e+01
1.259512917913012764e+01
1.245242831940000983e+01
1.245793204835237411e+01
1.238963642140148025e+01
1.227037729162980639e+01
1.217887462305085755e+01
1.210171050482732191e+01
1.201994165867444408e+01
1.199340522455405811e+01
1.203335119420673571e+01
1.203348466201817324e+01
1.198362795543258130e+01
1.197656570024929934e+01
1.189728185065099630e+01
1.171875402707414615e+01
1.160311984089380921e+01
1.158227693427804716e+01
1.148765482120644776e+01
1.146014868469156411e+01
1.135514973575774356e+01
1.139598251838412857e+01
1.137961844913297860e+01
1.148344198537529159e+01
1.120446671125341176e+01
1.118144206002178365e+01
1.108920927471520379e+01
1.075499700165633143e+01
1.066856582199813097e+01
1.079469484104458665e+01
1.089532139369723573e+01
1.052151274328145902e+01
1.049264206500494367e+01
1.044399925444696464e+01
1.034994966795005666e+01
1.028781614507853703e+01
1.023435683834339649e+01
1.019098140020558318e+01
