#R(kpc) median 16percentile 84percentile lowparam highparam  
0.000e+00 14.25 13.86 14.60 7.10 7.35
1.071e+01 14.24 13.83 14.54 7.10 7.35
2.143e+01 14.15 13.71 14.44 7.10 7.35
3.214e+01 14.01 13.51 14.32 7.10 7.35
4.286e+01 13.92 13.44 14.22 7.10 7.35
5.357e+01 13.82 13.35 14.16 7.10 7.35
6.429e+01 13.73 13.23 14.12 7.10 7.35
7.500e+01 13.67 13.15 14.08 7.10 7.35
8.571e+01 13.59 13.06 14.05 7.10 7.35
9.643e+01 13.56 12.96 14.01 7.10 7.35
1.071e+02 13.52 12.89 13.94 7.10 7.35
1.179e+02 13.48 12.86 13.91 7.10 7.35
1.286e+02 13.42 12.85 13.87 7.10 7.35
1.393e+02 13.39 12.80 13.84 7.10 7.35
1.500e+02 13.37 12.68 13.79 7.10 7.35
